3.198618629814390379e-01,3.149432651280965612e-01,3.653715113189062436e+02
1.736722762929980846e+00,-1.043829198179708317e+00,3.987468387349085219e+02
-1.295356679261905120e+00,4.045794677626474156e-01,3.340650660106251166e+02
-1.253406056141258551e+00,2.079596854003860629e-01,3.772704974153581929e+02
1.379650558232728308e+00,-1.114971009444131633e+00,4.131143586488020674e+02
1.284929626744685915e+00,9.180378275085330220e-01,4.371542106773361525e+02
4.054622819839399095e-01,2.248793507217490828e-01,4.225456477000063842e+02
-3.144197443134349457e-01,-1.495168304267637360e+00,2.464516124342786156e+02
7.118770267770807569e-01,3.337114022750012898e-01,5.411107285359064463e+02
-1.414686287338557669e-01,5.994818666046910494e-01,3.984559023040642955e+02
1.007572386134281350e+00,-4.553536271231224952e-01,4.396822274914442232e+02
1.990251668264650109e-01,-2.264798209762753256e+00,2.553542109394012698e+02
1.229592742079443635e-01,-8.245467299248964155e-01,3.999618439770463851e+02
2.104879483724757527e-01,-4.663153167344166183e-01,3.476301596570312995e+02
8.906209794451771522e-01,-3.257504538685045414e+00,3.089796443885296640e+02
-2.793435887566618980e+00,7.304094789757633599e-01,2.376665458455456417e+02
4.714145856174474236e-01,-9.145269492935398370e-01,3.761729875321439067e+02
2.173540449267279684e-01,2.828563675233252139e-01,3.806523334533929415e+02
-1.704793493721460940e-01,1.209433402537250624e+00,4.347760446595289068e+02
1.213452784704032172e+00,7.590591829912284039e-02,4.964127187210456782e+02
4.019711771190473959e-01,9.589322282846571843e-01,4.598794804341486042e+02
3.101409706160317969e-01,1.513325613278869997e-01,4.332388492149886474e+02
-2.654206786952498787e-01,-1.314923589856878738e+00,2.765720701587505914e+02
9.029782673030785078e-01,-9.155919185690899464e-01,4.630363407444812083e+02
-1.675939184847416108e+00,-3.013764536132634841e-01,2.497701079668199498e+02
-4.114871912833156231e-01,3.699991835596190826e-01,3.628856875644655702e+02
8.520388917304878573e-01,-1.300695385846606822e+00,5.022435675517312461e+02
-1.830260794065545760e+00,2.030522335044679494e+00,3.247911362996989624e+02
1.109900023351438753e-01,3.566779703771207344e-01,3.356643451578200938e+02
-8.602303877970357560e-01,5.985192960625044245e-01,2.888059149043291427e+02
1.081185889932683719e-01,-7.706510257523034868e-01,4.251471244786254715e+02
7.444734510956217965e-01,-1.019674204062413381e+00,4.008380567819963289e+02
1.635616422192795807e-02,-1.511047863998389751e+00,3.023528166322114430e+02
-5.348358684577034783e-01,4.858835514603128403e-02,2.938368631155876756e+02
1.793078146299781628e-01,-7.561448238107818520e-01,4.204586019066562130e+02
8.187305425659807678e-02,-1.015237167491696457e+00,3.455442367282406622e+02
7.838365157179902898e-01,-2.105067871251563860e-01,4.536997534057086341e+02
-1.075936784263370027e+00,-2.126880504169495811e+00,1.955317712669773016e+02
-1.173185801486995167e-01,-5.697471270556360157e-01,4.126213776784153424e+02
2.585677626491554859e-01,6.954878341505376094e-01,4.925224794299469977e+02
1.020812249061617827e+00,6.445584619619388889e-01,4.894780733493049070e+02
-3.821675074236018932e-01,1.543482492082045798e+00,3.748034381162801765e+02
2.003095313546520817e+00,4.240509897084538404e-01,4.727953690324794707e+02
5.627833474397189555e-03,1.204948703335639165e-01,4.255002467775207151e+02
1.121944040923020136e+00,1.147529579485209728e-01,5.676605164457546380e+02
-2.254757022829755986e+00,1.396602783546832205e+00,2.027723789753229937e+02
-9.742580031292579212e-01,-1.064258163744578267e+00,2.785484434138874121e+02
2.152240115055180369e-01,-1.177905471450293728e-01,3.938597696529812424e+02
-1.386494918616396843e+00,7.154623506301374669e-02,2.136209246586723793e+02
-7.838167768970637495e-01,2.735183063522231173e+00,3.591404656729880003e+02
1.336281043771208044e+00,-1.337799912530719615e+00,5.304388126216344972e+02
-2.222744269768030190e+00,5.084331022650570020e-01,2.566822503913177229e+02
3.860927326774815649e-01,-1.273965277495838766e+00,3.448473628917056431e+02
-4.104422671758504726e-01,7.255172299133619829e-01,4.285803291248711844e+02
3.633828278118197280e-02,-2.763433217664333919e-01,4.266595027450004523e+02
-6.081706719652860693e-01,1.522712070177126398e+00,3.098725766122229288e+02
-1.571078451643458107e-01,2.371079649168888359e+00,6.050568503033740626e+02
3.156136032592294915e-01,-7.378863051468819156e-01,3.290918505875993105e+02
-4.758836555926372336e-01,1.444320239763726033e+00,3.762688688089330071e+02
6.556284412746768986e-01,7.968319577911234797e-01,3.950386992366456411e+02
7.596571681423863742e-01,-6.132652143733548916e-02,4.491928025609151973e+02
1.010337077699185841e-02,1.255158303746033210e+00,3.698379644594944580e+02
-2.190701126363680251e-01,-1.646257262655814735e+00,3.925574547987541791e+02
7.611959967764214685e-01,-1.065325382431300483e+00,3.295374668856771905e+02
-1.894117029681333941e-01,7.828414709683474415e-01,3.910328650967427393e+02
3.267293416271744300e-01,-4.453602633700640689e-01,4.757297232552422770e+02
3.890429907643150331e-01,-6.488207513993003994e-01,4.554981431384972552e+02
-1.192851513629282767e+00,6.833135282466303861e-01,2.970778895612703536e+02
-2.686671889383493994e-01,-1.609184451053814691e+00,3.121366454386248392e+02
-1.500647945513819748e+00,-4.265705741566014342e-02,2.640189063792862498e+02
-1.962671221086279838e-01,-9.396882763337512934e-01,3.566809228501043094e+02
1.432974561723085571e+00,3.472042583943359129e-02,5.270709841689676978e+02
-1.882465321514908974e-01,5.821631495387556976e-01,3.449989493847417634e+02
1.055538077331533042e+00,-1.038837411095197671e+00,4.063618536487142592e+02
1.715065688711278069e-01,1.938008532934751615e+00,4.689661110375426460e+02
-9.525199969131972755e-02,1.412079059128517056e+00,4.328740749068943501e+02
2.103457436233509281e-01,1.111469277133011913e+00,4.358110854521800661e+02
1.027216359792580969e+00,1.569710973292815392e+00,5.562354365845762914e+02
1.629145817527861917e+00,-9.857570758873137468e-03,5.236460934850714466e+02
8.407778209215697185e-01,-6.569936567933455374e-01,4.689876808822476164e+02
-1.266535106960323454e+00,-2.339098572270847942e-01,3.386190831909706844e+02
8.225913096473810304e-01,8.427905223878718877e-01,5.136187620465555028e+02
1.161881873042662550e+00,9.057636573431869786e-01,5.052777301173193791e+02
-1.590990514122803345e+00,-2.247877551484250613e+00,1.447097517101344692e+02
5.816786067135725213e-01,-3.209804196545373300e-01,3.653136995428837395e+02
-1.035872094575241154e-01,-2.795977894132140595e-01,3.690617385411689497e+02
8.418644575289571108e-01,-6.646639072734081832e-01,4.027783874009576834e+02
-1.082142773207870334e+00,-5.217171205679113632e-02,3.415628757971117011e+02
5.350286313864543314e-02,-1.235845637923209450e+00,3.127706301899590358e+02
-1.669832372268338583e+00,6.307245394321333576e-01,2.479133228230368218e+02
1.294221703548986968e-01,-6.138373369881182651e-01,3.207592371016893367e+02
-1.518184464835357073e+00,2.402946489991793499e-01,3.075535987212951454e+02
1.974306346756266317e-01,-3.521421945071174231e-01,4.565574889243742405e+02
-8.506549214193440123e-02,6.802401342188915123e-01,4.528088564530527265e+02
-6.444975935781984688e-01,1.038827992850229975e+00,3.166180239461982637e+02
-7.506328897710400350e-01,5.660268809345552210e-01,3.819498788222223880e+02
-2.756208628824240670e+00,8.731631662795429349e-01,7.365647072607544033e+01
-6.987123236978581842e-01,2.907335546861560416e-03,2.856652080050930635e+02
-9.652792301648074336e-01,4.159281634429370378e-01,2.588284939474361863e+02
-1.396059519631192680e+00,-5.731273002943303441e-01,2.632342729687923679e+02
